-336.181546 251.652310 321.987936
-335.411213 238.060733 326.206428
-333.535449 224.247711 329.145525
-330.950616 210.270624 331.114856
-328.053076 196.186851 332.424049
-325.239191 182.053773 333.382731
-322.905322 167.928770 334.300532
-321.447830 153.869220 335.487078
-321.262841 139.932475 337.251799
-322.576067 126.153745 339.760490
-325.142690 112.507122 342.782350
-328.637367 98.956236 346.018712
-332.734756 85.464716 349.170906
-337.109515 71.996195 351.940263
-341.507186 58.545125 354.172864
-345.977521 45.238249 356.335984
-350.651857 32.237784 359.063505
-355.661534 19.705951 362.989309
-361.137891 7.804968 368.747281
-367.212269 -3.302943 376.971304