-336.181546 251.652310 321.987936
-332.570474 235.348504 325.745076
-330.460753 218.496515 329.125341
-329.167590 201.310050 332.028629
-328.006193 184.002813 334.354841
-326.291770 166.788512 336.003876
-323.339529 149.880852 336.875631
-318.494324 133.485538 336.885301
-311.771351 117.627394 336.293846
-303.849774 102.152076 335.704717
-295.437133 86.897584 335.735998
-287.240966 71.701920 337.005775
-279.813134 56.430022 339.930276
-273.079087 41.055222 344.113522
-266.806747 25.578114 348.955280
-260.764037 9.999287 353.855318
-254.718879 -5.680667 358.213404
-248.439195 -21.461157 361.429305
-241.692909 -37.341591 362.902789
-234.247942 -53.321378 362.033625